              precision    recall  f1-score   support

         EC1     0.9578    0.8270    0.8876      1428
         EC2     0.6291    0.9419    0.7543      1428
         EC3     0.8769    0.7731    0.8217      1428
         EC4     0.9879    0.8537    0.9159      1429
         EC5     0.9910    0.9195    0.9539      1429
         EC6     0.9863    0.9580    0.9719      1428
         EC7     0.9880    0.9825    0.9853      1429

    accuracy                         0.8937      9999
   macro avg     0.9167    0.8937    0.8987      9999
weighted avg     0.9167    0.8937    0.8987      9999
